.Random.seed <-
c(10403L, 10L, -295679375L, 1850849184L, 1773936446L, -1316886967L, 
-1711439109L, 1720861386L, 1202562092L, 1652317231L, -1990347547L, 
1882029468L, -950566926L, 998513261L, -1284415577L, 997335502L, 
-1445214424L, -699953877L, 1968439113L, 955114584L, 273916166L, 
1160240353L, -871768973L, 677775586L, 1648218196L, -1814121129L, 
2077369677L, 1047238884L, -724114230L, 483952949L, -1807425649L, 
1153760406L, -250760128L, -903330557L, 967117089L, 1591493136L, 
682379758L, 670539161L, 1433643563L, -1711572198L, 1908826588L, 
-346605601L, -743346251L, 137009484L, -1549906014L, -501389571L, 
-207673353L, 418349342L, -807253032L, 1204948283L, 1540573913L, 
1915840104L, -1279707242L, 75694865L, 734072003L, 1490740434L, 
1742197092L, -1322220377L, 157960701L, 1109730292L, 905510106L, 
1303146021L, 237314879L, 1565257926L, 865553744L, -1615497869L, 
1037049745L, -667979328L, -361499746L, -280924823L, 2038642075L, 
-1640097622L, 1523369676L, 1444489103L, -331996219L, -2065627268L, 
1631467474L, 1628362573L, 478447111L, -1902209554L, 496902344L, 
-1803653173L, 1410402857L, 1549023352L, -584010330L, -269271103L, 
890872915L, -1561425150L, 229772852L, -525759561L, -2057757779L, 
1853853892L, 1601610986L, 1709058901L, -202056465L, 1404695286L, 
-1288585696L, 1474954211L, 2074511489L, -615147792L, -1286408818L, 
-1848755463L, -1125812085L, -213253958L, 1104925628L, -1442690817L, 
-1900028843L, 1544857452L, -1760634942L, 43507741L, 587800727L, 
1309859326L, -966054472L, -2033917541L, 705783801L, 406417224L, 
616839798L, -1681132623L, 1639771619L, 523121330L, -116732156L, 
162264135L, 1517552413L, 722426260L, -1673323206L, 1832354181L, 
225399391L, -1593510682L, -9451664L, -722679661L, -2010430159L, 
616354784L, -1757822850L, -1231676663L, 162364731L, 1930531082L, 
1613250796L, 787410287L, 570536613L, -1497789348L, -1845195726L, 
320473901L, 1011945959L, 859417870L, -715357464L, -1206530837L, 
-1237351031L, -429107944L, 486889542L, 1916698785L, -1338734797L, 
1239914146L, 1128179092L, -662754281L, -778847219L, 998512932L, 
-684526326L, -193080203L, 1494499279L, 375185622L, 1637343360L, 
2097372867L, -1988679583L, -1321592624L, 864080430L, -2125974567L, 
-1618002965L, 1406655066L, 1477258268L, 182106399L, 1833806197L, 
2003019788L, 1919889890L, -2013459779L, 1137198391L, -1473664546L, 
-881168616L, -1582225797L, 327066649L, -1579658072L, 1469640278L, 
610241233L, -585143677L, 1159110930L, -1304132444L, -1888332697L, 
1667718589L, 398991156L, -333857638L, -2113568027L, -1028096897L, 
-1256638970L, -851312240L, 395459635L, -246426671L, 889198976L, 
-1470221218L, 850224041L, -2089305509L, 1515445866L, -726916340L, 
-690485937L, -2109833723L, -1648393028L, -1520241262L, -1386500467L, 
-1925143353L, -1036697170L, -706417656L, 1308827659L, -1130851095L, 
35468216L, 646118502L, -1524048639L, -1335706733L, -69673918L, 
1070556148L, -1898664457L, 2114335213L, 138363524L, 784069802L, 
-557587947L, -2043978065L, -44344138L, -1201198368L, 1182815779L, 
872995137L, 525993008L, 1062100558L, -131039710L, -764667384L, 
1925395724L, 211944092L, -1476602350L, -1294786176L, 819929620L, 
-2033533400L, -416784070L, -281912368L, -313790868L, -1620112588L, 
-1284246894L, -262146720L, -1146653364L, 436392928L, 1203818402L, 
-878686296L, 1723076492L, -171791684L, -1594438798L, -1574977296L, 
1878031428L, 1638505816L, 319967290L, -1158728848L, -1254697924L, 
-1238791404L, -1806885438L, -717763360L, -2037016708L, 1929033424L, 
1302256290L, -151129048L, 314016012L, -995460164L, 935884082L, 
959260608L, 1682089524L, 1933401032L, -1382542150L, -1935382640L, 
-417830420L, 1857647700L, -227820910L, -610133216L, -1198521908L, 
-1601770528L, 1837160130L, -1329220056L, -1457926484L, -1522387268L, 
1364730354L, -1594361552L, 1172474020L, 473934520L, 1652567898L, 
-1547944560L, 347803004L, -1661521644L, 1349623106L, -767122688L, 
1641016252L, 517890896L, 1133778210L, 446523720L, -47231988L, 
483920988L, 702264530L, 294622208L, 1276127060L, -1459828248L, 
-911565830L, 1374685904L, 1569793324L, -148800268L, 647963538L, 
45550688L, 510040332L, 1143565024L, 130520418L, -1385965912L, 
-844878260L, 405681020L, 755171122L, 923476592L, 812306756L, 
282240984L, -1470040966L, -283190736L, 2009837244L, -1075101868L, 
-311554494L, -1142210656L, -397296452L, -2143112752L, 1653756258L, 
974858216L, -323159092L, 2119847676L, -897170446L, 2025223296L, 
557646068L, 399712392L, -442216134L, -38669488L, -875724692L, 
-804234092L, 847963474L, -363908384L, -1802031924L, 513301664L, 
150560130L, -128201496L, 346729708L, 2114791484L, 2041400434L, 
-1966785424L, -1741753820L, -828582344L, 529469978L, -386460464L, 
-785095108L, -523378540L, 1636347010L, 77138880L, -671747780L, 
57618064L, -940506078L, -174886904L, -1052609396L, 1370260508L, 
63271058L, -1045126016L, 1864817684L, -566094040L, 418400314L, 
1202714832L, -1763018644L, -1070412108L, 1265232914L, -246623264L, 
-1607162932L, 1311252960L, -680794078L, 1488741672L, 2061480204L, 
-631659972L, -483165966L, -171262736L, 1102960452L, 596647000L, 
-1528138182L, -292679440L, -307382596L, 651825684L, 1650228418L, 
-1475999136L, 610574716L, -2077602608L, -1703450590L, 311129256L, 
1613848972L, 659460540L, -662844366L, -517990592L, 1791824564L, 
-1239761592L, 1244026554L, -484228336L, 1496504556L, 920841300L, 
596577042L, 1998024096L, -111970356L, 558248800L, 1637457090L, 
20333096L, 1830649260L, -2078143684L, -90890382L, -70205648L, 
-1138359260L, 329089592L, 1113933530L, -340032624L, -1652958980L, 
144875924L, -2088770750L, 54270464L, -132832196L, -2017170864L, 
-2009267038L, -1051527352L, -295551476L, -1085686052L, -1275576238L, 
-295845760L, -942957740L, 1226023912L, -1427381510L, 1840357200L, 
-111230932L, 352104820L, -889580910L, 2032575072L, -1815214964L, 
-1851427488L, -571209502L, -119209816L, 613968588L, 599467516L, 
-1975009358L, 371890160L, 417465796L, 73881944L, 1843803514L, 
-1644059216L, 1717381564L, 1894021716L, -1202106942L, 2073099040L, 
-690566212L, -776485808L, 1274470370L, -315219096L, 1300817740L, 
1488031335L, -1717105103L, -32205962L, 1657997460L, 117118629L, 
-274074705L, -1008590744L, -8428474L, 855986675L, -1045598891L, 
361445170L, -80307456L, 1380212713L, -1393597861L, 721280172L, 
877077178L, -1839880081L, -1094457863L, -981811058L, -1869444772L, 
1864458701L, -582990537L, -1444350016L, 267858078L, -1804544661L, 
-1883460371L, 2123410778L, -372834792L, 2113665921L, -1671823053L, 
1906945876L, 1090980194L, -801709577L, -1848790463L, -1877244218L, 
-203274236L, -1914107979L, 814397599L, -520395528L, 147557590L, 
1344564579L, -1868256987L, 1003056834L, 1528331184L, 80693209L, 
-1579339445L, 1459607484L, -1540010006L, -206522337L, -1189618007L, 
89932350L, -227242196L, -543262339L, -1707382841L, -2079396176L, 
2026667214L, -200006149L, -742097315L, -499185270L, -267595352L, 
-106844399L, -859271677L, -438212348L, 1683193138L, -244126841L, 
215415249L, 1700033366L, 1266759988L, -547551163L, 103256207L, 
-1420984824L, -1713905114L, 1815847635L, 1293644853L, -1737315438L, 
-1345578144L, -1805261111L, 1947425275L, -1461566004L, 623297626L, 
-353928881L, -2137069543L, 2047323694L, 1499665468L, -1458773587L, 
880308823L, -940422240L, 352383230L, 1584067531L, -1862982195L, 
-985937670L, -1876419784L, 2028935393L, -708830317L, 1020043188L, 
-1922931518L, -122394409L, 146003233L, 768857318L, 273301988L, 
1362541845L, 796816703L, -1932875560L, 716044534L, 883106563L, 
-1176849339L, 291359842L, -214250544L, -2121285383L, -1734137301L, 
277001628L, 1805536714L, -2015772993L, -1507074039L, -211926754L, 
603079884L, -1951952739L, -1235573465L, 2127066960L, -1900348946L, 
-127955301L, -1857175299L, 1135863786L, -654532472L, -951198159L, 
160020643L, 203680932L, 1259064658L, 1659144359L, -297329423L, 
668347446L, 1098138836L, -622245787L, -1041812881L, -291017560L, 
-983578106L, -1716810957L, 1814290325L, 731659250L, -545894336L, 
-157748823L, -965828581L, 1665764844L, 1181412858L, 60267055L, 
